{
  "keyframes": [
    {
      "matrix": "[-0.9928276663136986,0.11955427638564284,1.3877787807814457e-17,0,-0.01184668563583647,-0.09837972851293175,0.9950784316108793,0,0.11896588183819906,0.9879413970553249,0.09909043820083008,0,0.11867857729739736,0.9855555025027505,0.09885113317988384,1]",
      "fov": 50,
      "aspect": 1,
      "properties": "[[\"FOV\",50],[\"NAME\",\"Camera 0\"],[\"TIME\",0]]"
    },
    {
      "matrix": "[-0.9818412294759779,-0.18970468685672323,-1.3877788280452398e-17,0,-0.0965275007338343,0.4995906087988797,0.8608667715790614,0,-0.16331046448962372,0.8452345057868162,-0.5088303867290016,0,0.05046661978968413,0.3630586012153107,-0.05496118519954435,1]",
      "fov": 50,
      "aspect": 1,
      "properties": "[[\"FOV\",50],[\"NAME\",\"Camera 1\"],[\"TIME\",1]]"
    }
  ],
  "camera_type": "perspective",
  "render_height": 1080,
  "render_width": 1920,
  "camera_path": [
    {
      "camera_to_world": [
        -0.9928276663136989,
        -0.011846685635836482,
        0.11896588183819906,
        0.11867857729739736,
        0.11955427638564285,
        -0.09837972851293188,
        0.9879413970553249,
        0.9855555025027505,
        1.214306433183765e-17,
        0.9950784316108795,
        0.09909043820083002,
        0.09885113317988384,
        0,
        0,
        0,
        1
      ],
      "fov": 50,
      "aspect": 1
    },
    {
      "camera_to_world": [
        -0.9926830952917876,
        -0.011434206363544084,
        0.12020620302942779,
        0.11901175914415119,
        0.12074554814942147,
        -0.10130300450927428,
        0.9875009943688613,
        0.9885960935478912,
        0.000885959373714317,
        0.9947899075695479,
        0.10194240959364403,
        0.09960243066735659,
        0,
        0,
        0,
        1
      ],
      "fov": 50,
      "aspect": 1
    },
    {
      "camera_to_world": [
        -0.9925564700970513,
        -0.011076669951167803,
        0.12128050565228682,
        0.11930122605231668,
        0.12177396803490112,
        -0.10383810585507472,
        0.9871113151420489,
        0.9912377455388622,
        0.0016596317411874807,
        0.9945325309688082,
        0.10441403386164355,
        0.10025515458653199,
        0,
        0,
        0,
        1
      ],
      "fov": 50,
      "aspect": 1
    },
    {
      "camera_to_world": [
        -0.9924479241584374,
        -0.010772879132254384,
        0.12219272854311021,
        0.11954767190980795,
        0.12264473076831076,
        -0.10599301290830096,
        0.9867744175997822,
        0.9934867908416026,
        0.002321173922167229,
        0.9943085166535699,
        0.10651378249691666,
        0.10081086959722427,
        0,
        0,
        0,
        1
      ],
      "fov": 50,
      "aspect": 1
    },
    {
      "camera_to_world": [
        -0.9923575112498507,
        -0.010521690345900248,
        0.12294658961625421,
        0.11975179060453911,
        0.12336258303809203,
        -0.10777541123533176,
        0.9864918316130269,
        0.9953495618220515,
        0.0028710576748811286,
        0.9941195877585957,
        0.10824972176642018,
        0.10127114035924767,
        0,
        0,
        0,
        1
      ],
      "fov": 50,
      "aspect": 1
    },
    {
      "camera_to_world": [
        -0.9922852122808,
        -0.010322012687571328,
        0.12354559297249466,
        0.11991427602442427,
        0.1239318406243118,
        -0.10919269465608875,
        0.9862645965019795,
        0.9968323908461484,
        0.003310040531155185,
        0.9939670072431074,
        0.10962952222764784,
        0.10163753153241645,
        0,
        0,
        0,
        1
      ],
      "fov": 50,
      "aspect": 1
    },
    {
      "camera_to_world": [
        -0.9922309412867577,
        -0.010172806505814565,
        0.12399303674396492,
        0.12003582205737749,
        0.1243564063909087,
        -0.11025197086140463,
        0.9860932953380805,
        0.9979416102798321,
        0.003639140383957345,
        0.9938516070968398,
        0.11066047048650485,
        0.10191160777654482,
        0,
        0,
        0,
        1
      ],
      "fov": 50,
      "aspect": 1
    },
    {
      "camera_to_world": [
        -0.9921945506844603,
        -0.01007308170041863,
        0.12429202153444438,
        0.12011712259131292,
        0.12463978889452038,
        -0.11096006925956445,
        0.9859780859908813,
        0.9986835524890422,
        0.0038596135028646904,
        0.9937738153397732,
        0.11134948283956754,
        0.10209493375144706,
        0,
        0,
        0,
        1
      ],
      "fov": 50,
      "aspect": 1
    },
    {
      "camera_to_world": [
        -0.9921758358554144,
        -0.010021895769200841,
        0.12444545933782045,
        0.12015887151414462,
        0.12478512141593906,
        -0.11132355075038687,
        0.9859187291666264,
        0.9990645498397175,
        0.003972935667638175,
        0.9937336809495376,
        0.11170312049653534,
        0.1021890741169374,
        0,
        0,
        0,
        1
      ],
      "fov": 50,
      "aspect": 1
    },
    {
      "camera_to_world": [
        -0.9921745391184362,
        -0.01001835164327042,
        0.12445608283836668,
        0.1201617627137867,
        0.12479518126489661,
        -0.11134871916240867,
        0.9859146136831286,
        0.9990909346977974,
        0.003980786125906069,
        0.9937308968585221,
        0.11172760612568843,
        0.1021955935328301,
        0,
        0,
        0,
        1
      ],
      "fov": 50,
      "aspect": 1
    },
    {
      "camera_to_world": [
        -0.9921903531493742,
        -0.010061595344255032,
        0.12432645501440381,
        0.12012649007815326,
        0.1246724092467293,
        -0.11104163412185232,
        0.9859647792209236,
        0.9987690394292214,
        0.003885034097167674,
        0.9937648211678038,
        0.1114288415060782,
        0.10211605665893934,
        0,
        0,
        0,
        1
      ],
      "fov": 50,
      "aspect": 1
    },
    {
      "camera_to_world": [
        -0.9922229239033674,
        -0.010150813491487824,
        0.12405897898222983,
        0.12005374749515843,
        0.12441892921129565,
        -0.110408125151279,
        0.986067936784527,
        0.9981051963999282,
        0.003687727561373982,
        0.9938344967277201,
        0.11081242610552546,
        0.10195202815507946,
        0,
        0,
        0,
        1
      ],
      "fov": 50,
      "aspect": 1
    },
    {
      "camera_to_world": [
        -0.9922718530922047,
        -0.010285230682453114,
        0.12365590803019111,
        0.11994422885271626,
        0.124036567631023,
        -0.109453806821381,
        0.9862224871004627,
        0.9971057379758574,
        0.003391084085808095,
        0.9939386692357414,
        0.10988367643379268,
        0.10170507268106463,
        0,
        0,
        0,
        1
      ],
      "fov": 50,
      "aspect": 1
    },
    {
      "camera_to_world": [
        -0.9923367002666412,
        -0.010464106765801543,
        0.12311935580366087,
        0.11979862803874088,
        0.123526873176771,
        -0.10818409480147892,
        0.9864265371709919,
        0.9957769965229476,
        0.0029974834585831,
        0.994075804001676,
        0.10864764604600041,
        0.10137675489670915,
        0,
        0,
        0,
        1
      ],
      "fov": 50,
      "aspect": 1
    },
    {
      "camera_to_world": [
        -0.992416984550976,
        -0.010686734022899443,
        0.12245130661071708,
        0.11961763894114641,
        0.12289113627787515,
        -0.10660422267320796,
        0.9866779151945047,
        0.9941253044071389,
        0.002509461910601543,
        0.9942441015284752,
        0.10710914609291938,
        0.10096863946182719,
        0,
        0,
        0,
        1
      ],
      "fov": 50,
      "aspect": 1
    },
    {
      "camera_to_world": [
        -0.9925121860748141,
        -0.010952434271107325,
        0.12165362582566543,
        0.1194019554478469,
        0.12213040866675544,
        -0.10471925938783892,
        0.9869741840555678,
        0.99215699399437,
        0.0019297077201605676,
        0.9944415120542786,
        0.1052727663325856,
        0.10048229103623306,
        0,
        0,
        0,
        1
      ],
      "fov": 50,
      "aspect": 1
    },
    {
      "camera_to_world": [
        -0.9926217471447727,
        -0.011260555899731482,
        0.1207280703734135,
        0.11915227144675648,
        0.12124552291926352,
        -0.10253412726092248,
        0.9873126535798452,
        0.9898783976505799,
        0.0012610580054851145,
        0.9946657491980259,
        0.1031428965321259,
        0.09991927427974098,
        0,
        0,
        0,
        1
      ],
      "fov": 50,
      "aspect": 1
    },
    {
      "camera_to_world": [
        -0.9927450731969438,
        -0.011610470847809501,
        0.11967629928221686,
        0.11886928082578925,
        0.12023711200985107,
        -0.10005362040869457,
        0.9876903917415839,
        0.9872958477417082,
        0.0005064965203230471,
        0.9949143028471373,
        0.10072374820006391,
        0.0992811538521652,
        0,
        0,
        0,
        1
      ],
      "fov": 50,
      "aspect": 1
    },
    {
      "camera_to_world": [
        -0.9928815335691846,
        -0.01200157153152944,
        0.11849988429563015,
        0.1185536774728593,
        0.11910562890597538,
        -0.09728242353915424,
        0.988104235004213,
        0.9844156766336938,
        -0.0003308477236219735,
        0.9951844514215052,
        0.09801937659800526,
        0.09856949441331994,
        0,
        0,
        0,
        1
      ],
      "fov": 50,
      "aspect": 1
    },
    {
      "camera_to_world": [
        -0.9930304621307912,
        -0.01243326772810382,
        0.1172003205367157,
        0.11820615527588077,
        0.11785136622917305,
        -0.0942251310171312,
        0.9885507979677735,
        0.9812442166924762,
        -0.0012477011761421865,
        0.9954732736434493,
        0.09503370298672625,
        0.09778586062301949,
        0,
        0,
        0,
        1
      ],
      "fov": 50,
      "aspect": 1
    },
    {
      "camera_to_world": [
        -0.9931911578057661,
        -0.0129049834222884,
        0.1157790372188001,
        0.1178274081227677,
        0.11647447601113921,
        -0.09088626612719669,
        0.9890264824904269,
        0.9777878002839945,
        -0.002240645972124691,
        0.9957776599383655,
        0.09177053706555692,
        0.09693181714107804,
        0,
        0,
        0,
        1
      ],
      "fov": 50,
      "aspect": 1
    },
    {
      "camera_to_world": [
        -0.9933628850247279,
        -0.01341615362141993,
        0.11423740839740601,
        0.11741812990143423,
        0.11497498957212986,
        -0.08727030046112512,
        0.9895274864450778,
        0.9740527597741877,
        -0.00330611981602281,
        0.9960943235855887,
        0.08823359956575894,
        0.09600892862730988,
        0,
        0,
        0,
        1
      ],
      "fov": 50,
      "aspect": 1
    },
    {
      "camera_to_world": [
        -0.9935448741394718,
        -0.013966221144820086,
        0.1125767637575139,
        0.11697901449979445,
        0.1133528375462092,
        -0.08338167335797551,
        0.9900498122661539,
        0.9700454275289953,
        -0.004440415679169715,
        0.9964198117334669,
        0.08442654495855155,
        0.09501875974152922,
        0,
        0,
        0,
        1
      ],
      "fov": 50,
      "aspect": 1
    },
    {
      "camera_to_world": [
        -0.9937363218332763,
        -0.014554633393647444,
        0.11079839942908781,
        0.11651075580576244,
        0.11160787007342267,
        -0.07922481132490015,
        0.9905892754356913,
        0.9657721359143561,
        -0.005639681457774932,
        0.9967505163867788,
        0.08035298423670609,
        0.09396287514355033,
        0,
        0,
        0,
        1
      ],
      "fov": 50,
      "aspect": 1
    },
    {
      "camera_to_world": [
        -0.9939363915591857,
        -0.015180839107753873,
        0.10890358882190175,
        0.11601404770725231,
        0.10973987717300061,
        -0.07480414736568688,
        0.9911415130519695,
        0.9612392172962098,
        -0.0068999197357719755,
        0.9970826854684005,
        0.07601650772538038,
        0.09284283949318743,
        0,
        0,
        0,
        1
      ],
      "fov": 50,
      "aspect": 1
    },
    {
      "camera_to_world": [
        -0.994144214037679,
        -0.015844285116792055,
        0.10689359346819208,
        0.11548958409217817,
        0.10774860930429815,
        -0.07012414014196884,
        0.9917019926179131,
        0.9564530040404953,
        -0.008216987793286881,
        0.997412434050472,
        0.07142070787326082,
        0.09166021745025477,
        0,
        0,
        0,
        1
      ],
      "fov": 50,
      "aspect": 1
    },
    {
      "camera_to_world": [
        -0.9943588878442978,
        -0.016544413093706016,
        0.10476967385859404,
        0.11493805884845415,
        0.10563379811344761,
        -0.06518929288917127,
        0.9922660211801758,
        0.951419828513152,
        -0.009586597998182032,
        0.9977357558431966,
        0.06656920196927855,
        0.09041657367456662,
        0,
        0,
        0,
        1
      ],
      "fov": 50,
      "aspect": 1
    },
    {
      "camera_to_world": [
        -0.9945794801169048,
        -0.017280656319793263,
        0.10253310025325785,
        0.11436016586399432,
        0.10339517735374695,
        -0.060004172005779115,
        0.9928287549431111,
        0.9461460230801189,
        -0.011004318714697873,
        0.9980485350217484,
        0.06146565472332729,
        0.08911347282593718,
        0,
        0,
        0,
        1
      ],
      "fov": 50,
      "aspect": 1
    },
    {
      "camera_to_world": [
        -0.9948050274112622,
        -0.01805243647173311,
        0.10018516344605041,
        0.11375659902671276,
        0.10103250395674555,
        -0.054573425230591416,
        0.9933852094745681,
        0.9406379201073353,
        -0.01246557585946131,
        0.9983465584635604,
        0.056113800641704244,
        0.08775247956418074,
        0,
        0,
        0,
        1
      ],
      "fov": 50,
      "aspect": 1
    },
    {
      "camera_to_world": [
        -0.9950345367324588,
        -0.01885916044230477,
        0.09772718545539169,
        0.11312805222452361,
        0.09854557921892897,
        -0.048901799318450845,
        0.9939302706124932,
        0.9349018519607402,
        -0.013965655230847814,
        0.9986255284594067,
        0.050517466119588045,
        0.08633515854911152,
        0,
        0,
        0,
        1
      ],
      "fov": 50,
      "aspect": 1
    },
    {
      "camera_to_world": [
        -0.9952669867683868,
        -0.019700217207945996,
        0.09516053011062744,
        0.11247521934534092,
        0.09593427005599538,
        -0.042994157120701086,
        0.9944587061725106,
        0.928944151006273,
        -0.015499705732665887,
        0.9988810759522075,
        0.04468059116395561,
        0.08486307444054375,
        0,
        0,
        0,
        1
      ],
      "fov": 50,
      "aspect": 1
    },
    {
      "camera_to_world": [
        -0.9955013293498863,
        -0.020574974757796786,
        0.09248661349798308,
        0.11179879427707885,
        0.0931985302631166,
        -0.036855493972513684,
        0.9949651785468863,
        0.922771149609873,
        -0.01706274360717584,
        0.9991087743472971,
        0.03860725065111148,
        0.0833377918982917,
        0,
        0,
        0,
        1
      ],
      "fov": 50,
      "aspect": 1
    },
    {
      "camera_to_world": [
        -0.9957364911603144,
        -0.021482777100402865,
        0.08970691422515559,
        0.11109947090765146,
        0.09033842170546148,
        -0.03049095328544234,
        0.9954442582744205,
        0.9163891801374794,
        -0.018649657785364832,
        0.9993041539270211,
        0.032301675013680045,
        0.0817608755821696,
        0,
        0,
        0,
        1
      ],
      "fov": 50,
      "aspect": 1
    },
    {
      "camera_to_world": [
        -0.995971375715114,
        -0.022422941365784134,
        0.0868229834585876,
        0.11037794312497287,
        0.08735413534885084,
        -0.023905841240306768,
        0.9958904386487742,
        0.9098045749550313,
        -0.020255216453995733,
        0.9994627168909802,
        0.02576827024272149,
        0.08013389015199168,
        0,
        0,
        0,
        1
      ],
      "fov": 50,
      "aspect": 1
    },
    {
      "camera_to_world": [
        -0.996204865629416,
        -0.023394755022065526,
        0.08383645468252389,
        0.10963490481695712,
        0.08424601202594079,
        -0.01710564047297491,
        0.9962981514194104,
        0.9030236664284674,
        -0.02187407492906574,
        0.9995799530310054,
        0.01901163708181794,
        0.07845840026757225,
        0,
        0,
        0,
        1
      ],
      "fov": 50,
      "aspect": 1
    },
    {
      "camera_to_world": [
        -0.9964358251887928,
        -0.024397473227280798,
        0.08074905312419431,
        0.10887104987151842,
        0.08101456281906658,
        -0.010096022644005262,
        0.9966617836247195,
        0.896052786923728,
        -0.02350078491381418,
        0.9996513560371415,
        0.012036589281802153,
        0.07673597058872544,
        0,
        0,
        0,
        1
      ],
      "fov": 50,
      "aspect": 1
    },
    {
      "camera_to_world": [
        -0.9966631032349397,
        -0.0254303163382498,
        0.07756260478501663,
        0.1080870721765708,
        0.07766048892711533,
        -0.0028828597826211135,
        0.996975695580928,
        0.8888982688067516,
        -0.025129805206199576,
        0.9996724404175651,
        0.004848170777538052,
        0.07496816577526558,
        0,
        0,
        0,
        1
      ],
      "fov": 50,
      "aspect": 1
    },
    {
      "camera_to_world": [
        -0.9968855363743326,
        -0.026492467599548167,
        0.0742790450136937,
        0.10728366562002836,
        0.07418470087085631,
        0.004527765703704725,
        0.9972342400331197,
        0.8815664444434774,
        -0.02675551390575441,
        0.9996387590015802,
        -0.002548328357911659,
        0.07315655048700692,
        0,
        0,
        0,
        1
      ],
      "fov": 50,
      "aspect": 1
    },
    {
      "camera_to_world": [
        -0.9971019525137387,
        -0.027583071036489482,
        0.07090042655362777,
        0.10646152408980523,
        0.07058833687938232,
        0.012129552460497853,
        0.9974317824561791,
        0.8740636461998446,
        -0.028372222152895022,
        0.9995459209807742,
        -0.010147357330988578,
        0.07130268938376366,
        0,
        0,
        0,
        1
      ],
      "fov": 50,
      "aspect": 1
    },
    {
      "camera_to_world": [
        -0.9973111747219027,
        -0.028701229576671452,
        0.0674289269943232,
        0.10562134147381548,
        0.06687278029007032,
        0.019915973160909678,
        0.997562722473795,
        0.8663962064417925,
        -0.029974189415137666,
        0.9993896104292064,
        -0.0179430915693011,
        0.06940814712535004,
        0,
        0,
        0,
        1
      ],
      "fov": 50,
      "aspect": 1
    },
    {
      "camera_to_world": [
        -0.9975120254117914,
        -0.029846003424952184,
        0.06386685555453428,
        0.10476381165997323,
        0.06303967578611688,
        0.027880269120629648,
        0.997621516343018,
        0.8585704575352604,
        -0.03155564031432851,
        0.9991656052293428,
        -0.02592942134012478,
        0.06747448837158035,
        0,
        0,
        0,
        1
      ],
      "fov": 50,
      "aspect": 1
    },
    {
      "camera_to_world": [
        -0.9977033308325014,
        -0.031016408716672647,
        0.0602166591239708,
        0.10388962853619257,
        0.05909094428962336,
        0.036015446642503966,
        0.9976027004304376,
        0.8505927318461877,
        -0.033110782967076015,
        0.9988697963165476,
        -0.03409994219710535,
        0.06550327778226879,
        0,
        0,
        0,
        1
      ],
      "fov": 50,
      "aspect": 1
    },
    {
      "camera_to_world": [
        -0.9978839258543963,
        -0.032211416473479304,
        0.05648092749052562,
        0.1029994859903876,
        0.055028796324755214,
        0.04431427517089419,
        0.9975009155841046,
        0.8424693617405131,
        -0.034633828787279,
        0.9984982071415301,
        -0.04244794740247293,
        0.06349608001722962,
        0,
        0,
        0,
        1
      ],
      "fov": 50,
      "aspect": 1
    },
    {
      "camera_to_world": [
        -0.9980526590252665,
        -0.033429951885190524,
        0.052662397681352696,
        0.1020940779104724,
        0.05085574366502309,
        0.05276928732449617,
        0.9973109322831782,
        0.834206679584176,
        -0.03611901367524534,
        0.998047013237462,
        -0.050966422465274386,
        0.06145445973627711,
        0,
        0,
        0,
        1
      ],
      "fov": 50,
      "aspect": 1
    },
    {
      "camera_to_world": [
        -0.9982083978694546,
        -0.034670893939754685,
        0.04876395734879632,
        0.10117409818436114,
        0.04657460908153948,
        0.0613727808631212,
        0.9970276764252981,
        0.8258110177431155,
        -0.037560620492727834,
        0.9975125617667908,
        -0.05964804192641773,
        0.059379981599225466,
        0,
        0,
        0,
        1
      ],
      "fov": 50,
      "aspect": 1
    },
    {
      "camera_to_world": [
        -0.998350034395984,
        -0.03593307542144226,
        0.04478864713623915,
        0.10024024069996786,
        0.042188534015458974,
        0.07011682262889221,
        0.9966462555902444,
        0.8172887085832712,
        -0.03895300269766199,
        0.9968913909123629,
        -0.06848516850859408,
        0.05727421026588894,
        0,
        0,
        0,
        1
      ],
      "fov": 50,
      "aspect": 1
    },
    {
      "camera_to_world": [
        -0.9984764907759706,
        -0.03721528329498372,
        0.04073966196444582,
        0.09929319934520667,
        0.03770098400791394,
        0.07899325448554105,
        0.9961619855980338,
        0.8086460844705818,
        -0.04029060898693671,
        0.9961802489685572,
        -0.07746985473334206,
        0.05513871039608177,
        0,
        0,
        0,
        1
      ],
      "fov": 50,
      "aspect": 1
    },
    {
      "camera_to_world": [
        -0.9985867251440332,
        -0.038516259490405096,
        0.03662035118595847,
        0.09833366800799169,
        0.03311575173473941,
        0.08799370126119416,
        0.9955704171606339,
        0.799889477770987,
        -0.04156800877066708,
        0.9953761129810296,
        -0.08659384708868322,
        0.052975046649618225,
        0,
        0,
        0,
        1
      ],
      "fov": 50,
      "aspect": 1
    },
    {
      "camera_to_world": [
        -0.9986797374732594,
        -0.03983470209983242,
        0.03243421756354385,
        0.09736234057623698,
        0.028436957511190637,
        0.09710958068041006,
        0.994867362409473,
        0.7910252208504256,
        -0.04277991827772031,
        0.9944762067785697,
        -0.09584859280896635,
        0.05078478368631255,
        0,
        0,
        0,
        1
      ],
      "fov": 50,
      "aspect": 1
    },
    {
      "camera_to_world": [
        -0.9987545754686096,
        -0.04116926699356133,
        0.02818491503855348,
        0.0963799109378567,
        0.023669047153639673,
        0.10633211525057326,
        0.9940489210663516,
        0.7820596460748367,
        -0.043921227070249286,
        0.9934780182377222,
        -0.10522524930401418,
        0.04856948616597896,
        0,
        0,
        0,
        1
      ],
      "fov": 50,
      "aspect": 1
    },
    {
      "camera_to_world": [
        -0.9988103404196388,
        -0.04251856985825513,
        0.02387624526624941,
        0.09538707298076488,
        0.018816787110731894,
        0.11565234604636486,
        0.9931115060137009,
        0.77299908581016,
        -0.04498702472530067,
        0.9923793156203834,
        -0.11471469624762397,
        0.046330718748431685,
        0,
        0,
        0,
        1
      ],
      "fov": 50,
      "aspect": 1
    },
    {
      "camera_to_world": [
        -0.998846192950201,
        -0.043881188655300676,
        0.01951215290755558,
        0.09438452059287568,
        0.01388525680543598,
        0.12506114831427814,
        0.9920518680118299,
        0.7638498724223345,
        -0.04597262742477324,
        0.9911781628266999,
        -0.12430755030629052,
        0.04407004609348502,
        0,
        0,
        0,
        1
      ],
      "fov": 50,
      "aspect": 1
    },
    {
      "camera_to_world": [
        -0.9988613586005053,
        -0.04525566649218877,
        0.015096719680139092,
        0.09337294766210313,
        0.008879838161433824,
        0.1345492487974306,
        0.9908671193062538,
        0.7546183382772994,
        -0.04687360418166775,
        0.9898729334103417,
        -0.13399418245814046,
        0.04178903286095321,
        0,
        0,
        0,
        1
      ],
      "fov": 50,
      "aspect": 1
    },
    {
      "camera_to_world": [
        -0.9988551331756427,
        -0.04664051489437467,
        0.010634157186017946,
        0.09235304807636142,
        0.003806202321899403,
        0.14410724465963615,
        0.9895547558677552,
        0.7453108157409938,
        -0.04768580242120384,
        0.98846232321065,
        -0.14376473781999022,
        0.03948924371065043,
        0,
        0,
        0,
        1
      ],
      "fov": 50,
      "aspect": 1
    },
    {
      "camera_to_world": [
        -0.9988268877945828,
        -0.04803421745952282,
        0.006128798547777541,
        0.0913255157235646,
        -0.0013297063947045977,
        0.15372562386729016,
        0.9881126780117319,
        0.7359336371793568,
        -0.048405372630441014,
        0.986945361466208,
        -0.15360915786776663,
        0.03717224330239097,
        0,
        0,
        0,
        1
      ],
      "fov": 50,
      "aspect": 1
    },
    {
      "camera_to_world": [
        -0.9987760735747283,
        -0.0494352338704498,
        0.0015850889006951998,
        0.09029104449162678,
        -0.006521689219302275,
        0.16339478686849904,
        0.9865392091518331,
        0.7264931349583279,
        -0.049028791789886186,
        0.9853214202869903,
        -0.16351720490288563,
        0.034839596295989095,
        0,
        0,
        0,
        1
      ],
      "fov": 50,
      "aspect": 1
    },
    {
      "camera_to_world": [
        -0.9987022258894535,
        -0.050842004237576205,
        -0.0029924251966788325,
        0.08925032826846205,
        -0.011763314216427966,
        0.1731050693914675,
        0.9848331124559231,
        0.7169956414438461,
        -0.04955288530546955,
        0.9835902223772263,
        -0.17347848858524645,
        0.03249286735125902,
        0,
        0,
        0,
        1
      ],
      "fov": 50,
      "aspect": 1
    },
    {
      "camera_to_world": [
        -0.998604968139661,
        -0.05225295373640547,
        -0.007599107355975721,
        0.08820406094198453,
        -0.01704793996895806,
        0.1828467661688425,
        0.9829936051899887,
        0.707447489001851,
        -0.04997484716936489,
        0.9817518469182615,
        -0.18348249432297603,
        0.030133621128014973,
        0,
        0,
        0,
        1
      ],
      "fov": 50,
      "aspect": 1
    },
    {
      "camera_to_world": [
        -0.9984840149852329,
        -0.05366649750059057,
        -0.012230243864636735,
        0.08715293640010831,
        -0.022368741467347217,
        0.19261015538184043,
        0.9810203705575895,
        0.6978550099982812,
        -0.050292258093431845,
        0.9798067335397335,
        -0.19351861328063832,
        0.027763422286071253,
        0,
        0,
        0,
        1
      ],
      "fov": 50,
      "aspect": 1
    },
    {
      "camera_to_world": [
        -0.9983391749882771,
        -0.0550810457266547,
        -0.016881056998436186,
        0.08609764853074747,
        -0.02771873797242535,
        0.2023855236078682,
        0.9789135668684876,
        0.688224536799076,
        -0.05050310137944303,
        0.977755684327955,
        -0.20357617374199388,
        0.02538383548524204,
        0,
        0,
        0,
        1
      ],
      "fov": 50,
      "aspect": 1
    },
    {
      "camera_to_world": [
        -0.9981703526272003,
        -0.05649500894251759,
        -0.021546719023453644,
        0.08503889122181614,
        -0.03309082258875479,
        0.21216319104821763,
        0.9766738338998526,
        0.678562401770175,
        -0.050605776315459865,
        0.9755998638421504,
        -0.21364447354117838,
        0.02299642538534162,
        0,
        0,
        0,
        1
      ],
      "fov": 50,
      "aspect": 1
    },
    {
      "camera_to_world": [
        -0.9979775496487038,
        -0.057906803388750885,
        -0.026222366759424284,
        0.0839773583612284,
        -0.038477793257171086,
        0.22193353680846895,
        0.9743022963463356,
        0.6688749372775172,
        -0.05059910891732789,
        0.9733407971317036,
        -0.22371281325796227,
        0.020602756646184252,
        0,
        0,
        0,
        1
      ],
      "fov": 50,
      "aspect": 1
    },
    {
      "camera_to_world": [
        -0.9977608657336959,
        -0.059314856459038334,
        -0.03090311656757789,
        0.08291374383689834,
        -0.043872384851172085,
        0.23168702400354102,
        0.971800564290767,
        0.6591684756870417,
        -0.05048235986774266,
        0.9709803657704034,
        -0.2337705298589996,
        0.018204393927584113,
        0,
        0,
        0,
        1
      ],
      "fov": 50,
      "aspect": 1
    },
    {
      "camera_to_world": [
        -0.9975204984626085,
        -0.06071761214472349,
        -0.03558407961929198,
        0.08184874153674013,
        -0.049267302042913005,
        0.2414142244619505,
        0.9691707306645447,
        0.649449349364688,
        -0.050255229542024424,
        0.9685208019463898,
        -0.24380703045810745,
        0.0158029018893555,
        0,
        0,
        0,
        1
      ],
      "fov": 50,
      "aspect": 1
    },
    {
      "camera_to_world": [
        -0.9972567425755169,
        -0.062113536427643556,
        -0.0402603772973029,
        0.08078304534866779,
        -0.05465525259121175,
        0.2511058428096828,
        0.9664153657051556,
        0.6397238906763949,
        -0.0499178600488866,
        0.9659646806686518,
        -0.25381182586485035,
        0.013399845191312626,
        0,
        0,
        0,
        1
      ],
      "fov": 50,
      "aspect": 1
    },
    {
      "camera_to_world": [
        -0.9969699885325661,
        -0.06350112256569852,
        -0.044927156578967904,
        0.07971734916059545,
        -0.06002898069653838,
        0.26075273972304397,
        0.9635375084569677,
        0.6299984319881018,
        -0.049470834255241625,
        0.9633149101720696,
        -0.26377456359222323,
        0.01099678849326978,
        0,
        0,
        0,
        1
      ],
      "fov": 50,
      "aspect": 1
    },
    {
      "camera_to_world": [
        -0.996660720390256,
        -0.06487889621680093,
        -0.049579605251209996,
        0.07865234686043723,
        -0.06538130006666044,
        0.2703459541517156,
        0.9605406553995472,
        0.620279305665748,
        -0.048915171805581414,
        0.9605747206227572,
        -0.2736850600009843,
        0.008595296455041174,
        0,
        0,
        0,
        1
      ],
      "fov": 50,
      "aspect": 1
    },
    {
      "camera_to_world": [
        -0.9963295130189215,
        -0.0662454203489672,
        -0.05421296680931186,
        0.07758873233610719,
        -0.07070512634148939,
        0.2798767243277426,
        0.9574287463245539,
        0.6105728440752727,
        -0.04825232218777592,
        0.9577476512434585,
        -0.28353333127010955,
        0.006196933736441063,
        0,
        0,
        0,
        1
      ],
      "fov": 50,
      "aspect": 1
    },
    {
      "camera_to_world": [
        -0.9959770286960357,
        -0.06759929988730233,
        -0.05882255489659392,
        0.07652719947551945,
        -0.07599350853659635,
        0.28933650739296835,
        0.9542061476169271,
        0.6008853795826148,
        -0.04748415493735251,
        0.9548375359946765,
        -0.2933096228995908,
        0.003803264997283645,
        0,
        0,
        0,
        1
      ],
      "fov": 50,
      "aspect": 1
    },
    {
      "camera_to_world": [
        -0.9956040131185353,
        -0.06893918605242857,
        -0.06340376714909048,
        0.07546844216658813,
        -0.08123965918154887,
        0.29871699749617875,
        0.9508776331279087,
        0.5912232445537136,
        -0.046612947110574655,
        0.9518484879608186,
        -0.3030044374730677,
        0.0014158548973832313,
        0,
        0,
        0,
        1
      ],
      "fov": 50,
      "aspect": 1
    },
    {
      "camera_to_world": [
        -0.9952112908850692,
        -0.07026378034942171,
        -0.0679520983184681,
        0.07441315429722731,
        -0.08643698285124184,
        0.30801014223147527,
        0.9474483628557919,
        0.5815927713545087,
        -0.04564136819212002,
        0.9487848826017174,
        -0.3126085604330066,
        -0.0009637319034459524,
        0,
        0,
        0,
        1
      ],
      "fov": 50,
      "aspect": 1
    },
    {
      "camera_to_world": [
        -0.9947997605057053,
        -0.07157183817144061,
        -0.07246315255736899,
        0.07336202975535108,
        -0.09157910281516249,
        0.3172081573107586,
        0.9439238596746471,
        0.5720002923509389,
        -0.04457246263514406,
        0.9456513400383221,
        -0.32211308364977126,
        -0.0033339307453897626,
        0,
        0,
        0,
        1
      ],
      "fov": 50,
      "aspect": 1
    },
    {
      "camera_to_world": [
        -0.9943703890021057,
        -0.07286217198784255,
        -0.07693265476385952,
        0.07231576242887353,
        -0.09665988556037246,
        0.326303539385232,
        0.9403099843711785,
        0.5624521399089436,
        -0.04340963025938887,
        0.9424527065470629,
        -0.3315094265972821,
        -0.005693176968633751,
        0,
        0,
        0,
        1
      ],
      "fov": 50,
      "aspect": 1
    },
    {
      "camera_to_world": [
        -0.9939242061653693,
        -0.07413365409253636,
        -0.08135646089542449,
        0.0712750462057088,
        -0.10167346297812864,
        0.335289076953109,
        0.936612909265064,
        0.552954646394462,
        -0.042156604756261824,
        0.9391940354403984,
        -0.3407893549813491,
        -0.008039905913363801,
        0,
        0,
        0,
        1
      ],
      "fov": 50,
      "aspect": 1
    },
    {
      "camera_to_world": [
        -0.9934622985416351,
        -0.07538521889450162,
        -0.08573056717763797,
        0.07024057497377098,
        -0.10661425204065314,
        0.34415785931277404,
        0.9328390906984232,
        0.5435141441734329,
        -0.04081743056812263,
        0.9358805675114089,
        -0.3499449967013954,
        -0.010372552919765715,
        0,
        0,
        0,
        1
      ],
      "fov": 50,
      "aspect": 1
    },
    {
      "camera_to_world": [
        -0.9929858032170711,
        -0.07661586473865327,
        -0.09005111814795225,
        0.06921304262097416,
        -0.11147697183274194,
        0.3529032835421864,
        0.9289952406854112,
        0.5341369656117959,
        -0.039396438422148385,
        0.9325177112181257,
        -0.35896885506149184,
        -0.012689553328025127,
        0,
        0,
        0,
        1
      ],
      "fov": 50,
      "aspect": 1
    },
    {
      "camera_to_world": [
        -0.9924959014741142,
        -0.07782465525142776,
        -0.09431441349063194,
        0.06819314303523244,
        -0.11625665784178763,
        0.3615190595058964,
        0.9250882980134544,
        0.5248294430754905,
        -0.037898219807043665,
        0.9291110227787465,
        -0.36785381918159893,
        -0.014989342478327894,
        0,
        0,
        0,
        1
      ],
      "fov": 50,
      "aspect": 1
    },
    {
      "camera_to_world": [
        -0.9919938123897829,
        -0.07901072021147187,
        -0.09851691363440511,
        0.06718157010445995,
        -0.12094867344853055,
        0.36999921291042104,
        0.9211253990834851,
        0.5155979089304552,
        -0.0363276006835718,
        0.9256661863422112,
        -0.3765931715940181,
        -0.017270355710859733,
        0,
        0,
        0,
        1
      ],
      "fov": 50,
      "aspect": 1
    },
    {
      "camera_to_world": [
        -0.9914807864446914,
        -0.08017325595152724,
        -0.1026552440995951,
        0.06617901771657073,
        -0.1255487185986359,
        0.378338086446599,
        0.9171138487680611,
        0.5064486955426297,
        -0.03468961471762269,
        0.9221889943900092,
        -0.38518059304264823,
        -0.01953102836580642,
        0,
        0,
        0,
        1
      ],
      "fov": 50,
      "aspect": 1
    },
    {
      "camera_to_world": [
        -0.9909580992081088,
        -0.08131152530290241,
        -0.1067261985960681,
        0.06518617975947892,
        -0.13005283567128917,
        0.38653033907371304,
        0.9130610915538002,
        0.4973881352779529,
        -0.03298947631758587,
        0.9186853285148706,
        -0.39361016453315273,
        -0.02176979578335364,
        0,
        0,
        0,
        1
      ],
      "fov": 50,
      "aspect": 1
    },
    {
      "camera_to_world": [
        -0.9904270451602131,
        -0.0824248570987396,
        -0.11072674088702317,
        0.06420375012109858,
        -0.13445741259475355,
        0.3945709435144717,
        0.9089746832186382,
        0.4884225605023642,
        -0.031232553746593186,
        0.9151611407103954,
        -0.4018763667101042,
        -0.023985093303687255,
        0,
        0,
        0,
        1
      ],
      "fov": 50,
      "aspect": 1
    },
    {
      "camera_to_world": [
        -0.9898889317076874,
        -0.08351264525653589,
        -0.11465400544625316,
        0.0632324226893439,
        -0.13875918328967915,
        0.4024551820422714,
        0.9048622632755238,
        0.47955830358180285,
        -0.02942434256520761,
        0.9116224352930209,
        -0.4099740766622044,
        -0.02617535626699294,
        0,
        0,
        0,
        1
      ],
      "fov": 50,
      "aspect": 1
    },
    {
      "camera_to_world": [
